-10
0.5440211108893698135
-9.8
0.36642649653606066198
-9.6
0.17430262428656973905
-9.4
-0.024766321450148643182
-9.2
-0.22285527892958767026
-9
-0.41211694626219359978
-8.8
-0.5848251932433651901
-8.6
-0.7343227452231415632
-8.4
-0.85456933318581034106
-8.2
-0.9405622515805228071
-8
-0.9893361276221225853
-7.8
-0.9984229209357783047
-7.6
-0.9677860346577146282
-7.4
-0.8986982796220173678
-7.2
-0.79352914648473576054
-7
-0.65695125644416056546
-6.8
-0.49407529545935514187
-6.6
-0.31148497392546489661
-6.4
-0.11654929292445037744
-6.2
0.08306928908995182435
-6
0.27940378967944406096
-5.8
0.46456324492018049102
-5.6
0.6311635532021195173
-5.4
0.77276294145822139537
-5.2
0.883316238505819371
-5
0.9588310080067256558
-4.8
0.99612311170513270526
-4.6
0.99351386503086007305
-4.4
0.95158669394656843747
-4.2
0.8714667310780628777
-4
0.75670029909014090044
-3.8
0.6118488349718294978
-3.6
0.44244266231451010569
-3.4
0.2555264745461172304
-3.2
0.058378392369232270497
-3
-0.14110813132341064411
-2.8
-0.3349860120496639677
-2.6
-0.5154083195164579532
-2.4
-0.6754273681793628902
-2.2
-0.8084275174300192831
-2
-0.9091501074035296809
-1.8
-0.97384737551268952616
-1.6
-0.99941438671798416525
-1.4
-0.9853599275464129723
-1.2
-0.9319938799655625945
-1
-0.84132118122671049887
-0.8
-0.7173485141558613231
-0.6
-0.56457154257289362073
-0.4
-0.3893634494839512501
-0.2
-0.19866823051910265815
0
-3.3881317890172013563E-21
0.2
0.19866823051910265814
0.4
0.38936344948395125
0.6
0.5645715425728936207
0.8
0.71734851415586132307
1
0.8413211812267104989
1.2
0.93199387996556259445
1.4
0.9853599275464129722
1.6
0.99941438671798416525
1.8
0.9738473755126895264
2
0.9091501074035296801
2.2
0.8084275174300198036
2.4
0.6754273681793628907
2.6
0.515408319516457953
2.8
0.3349860120496631309
3
0.14110813132341064438
3.2
-0.058378392369231383976
3.4
-0.25552647454611723045
3.6
-0.44244266231451010555
3.8
-0.61184883497183020025
4
-0.7567002990901409009
4.2
-0.87146673107806244083
4.4
-0.9515866939465684383
4.6
-0.99351386503086007315
4.8
-0.99612311170513262774
5
-0.9588310080067256572
5.2
-0.88331623850581978725
5.4
-0.77276294145822139515
5.6
-0.6311635532021195175
5.8
-0.4645632449201797054
6
-0.2794037896794440614
6.2
-0.083069289089952709926
6.4
0.11654929292444861323
6.6
0.31148497392546658363
6.8
0.4940752954593559147
7
0.65695125644416056595
7.2
0.7935291464847352225
7.4
0.89869827962201658846
7.6
0.96778603465771507043
7.8
0.99842292093577835236
8
0.9893361276221225859
8.2
0.9405622515805228097
8.4
0.85456933318581126366
8.6
0.7343227452231403536
8.8
0.58482519324336518853
9
0.41211694626219360065
9.2
0.22285527892958767113
9.4
0.02476632145015041954
9.6
-0.17430262428657148566
9.8
-0.3664264965360606607
